Resolução para passo de tempo: 20.000000 
----------------------------------------------------------------------
Passo 	 Tempo 	 Solução Analítica 	 Euler Implícito 	 Er. Abs. 	 Er. Rel. 
1 	 20.000000 	 1487.386034 	 1750.000000 	 262.613966 	 0.176561 
2 	 40.000000 	 1225.294736 	 1422.628198 	 197.333462 	 0.161050 
----------------------------------------------------------------------
Resolução para passo de tempo: 5.000000 
----------------------------------------------------------------------
Passo 	 Tempo 	 Solução Analítica 	 Euler Implícito 	 Er. Abs. 	 Er. Rel. 
1 	 5.000000 	 2005.416366 	 2106.372977 	 100.956611 	 0.050342 
2 	 10.000000 	 1758.263375 	 1864.664289 	 106.400915 	 0.060515 
3 	 15.000000 	 1600.437477 	 1698.348554 	 97.911076 	 0.061178 
4 	 20.000000 	 1487.386034 	 1575.271720 	 87.885686 	 0.059087 
5 	 25.000000 	 1400.752562 	 1479.517797 	 78.765235 	 0.056231 
6 	 30.000000 	 1331.335854 	 1402.265411 	 70.929557 	 0.053277 
7 	 35.000000 	 1273.921895 	 1338.204808 	 64.282914 	 0.050461 
8 	 40.000000 	 1225.294736 	 1283.932954 	 58.638219 	 0.047856 
9 	 45.000000 	 1183.343227 	 1237.158700 	 53.815473 	 0.045477 
10 	 50.000000 	 1146.613505 	 1196.277090 	 49.663586 	 0.043313 
----------------------------------------------------------------------
Resolução para passo de tempo: 1.250000 
----------------------------------------------------------------------
Passo 	 Tempo 	 Solução Analítica 	 Euler Implícito 	 Er. Abs. 	 Er. Rel. 
1 	 1.250000 	 2330.562881 	 2348.038091 	 17.475210 	 0.007498 
2 	 2.500000 	 2199.362670 	 2225.421335 	 26.058665 	 0.011848 
3 	 3.750000 	 2093.470328 	 2123.730028 	 30.259700 	 0.014454 
4 	 5.000000 	 2005.416366 	 2037.567303 	 32.150938 	 0.016032 
5 	 6.250000 	 1930.528984 	 1963.299284 	 32.770300 	 0.016975 
6 	 7.500000 	 1865.708768 	 1898.380231 	 32.671464 	 0.017512 
7 	 8.750000 	 1808.803512 	 1840.967669 	 32.164157 	 0.017782 
8 	 10.000000 	 1758.263375 	 1789.691315 	 31.427940 	 0.017874 
9 	 11.250000 	 1712.938620 	 1743.508284 	 30.569663 	 0.017846 
10 	 12.500000 	 1671.954957 	 1701.608991 	 29.654034 	 0.017736 
11 	 13.750000 	 1634.633483 	 1663.354083 	 28.720600 	 0.017570 
12 	 15.000000 	 1600.437477 	 1628.230999 	 27.793522 	 0.017366 
13 	 16.250000 	 1568.935970 	 1595.823344 	 26.887374 	 0.017137 
14 	 17.500000 	 1539.778162 	 1565.788841 	 26.010679 	 0.016892 
15 	 18.750000 	 1512.675062 	 1537.843156 	 25.168094 	 0.016638 
16 	 20.000000 	 1487.386034 	 1511.747843 	 24.361809 	 0.016379 
17 	 21.250000 	 1463.708784 	 1487.301219 	 23.592435 	 0.016118 
18 	 22.500000 	 1441.471777 	 1464.331359 	 22.859582 	 0.015859 
19 	 23.750000 	 1420.528425 	 1442.690669 	 22.162244 	 0.015601 
20 	 25.000000 	 1400.752562 	 1422.251608 	 21.499046 	 0.015348 
21 	 26.250000 	 1382.034899 	 1402.903310 	 20.868411 	 0.015100 
22 	 27.500000 	 1364.280197 	 1384.548865 	 20.268667 	 0.014857 
23 	 28.750000 	 1347.405011 	 1367.103133 	 19.698122 	 0.014619 
24 	 30.000000 	 1331.335854 	 1350.490961 	 19.155107 	 0.014388 
25 	 31.250000 	 1316.007709 	 1334.645715 	 18.638005 	 0.014163 
26 	 32.500000 	 1301.362802 	 1319.508073 	 18.145270 	 0.013943 
27 	 33.750000 	 1287.349586 	 1305.025021 	 17.675435 	 0.013730 
28 	 35.000000 	 1273.921895 	 1291.149011 	 17.227116 	 0.013523 
29 	 36.250000 	 1261.038237 	 1277.837252 	 16.799015 	 0.013322 
30 	 37.500000 	 1248.661197 	 1265.051114 	 16.389917 	 0.013126 
31 	 38.750000 	 1236.756931 	 1252.755616 	 15.998685 	 0.012936 
32 	 40.000000 	 1225.294736 	 1240.918996 	 15.624260 	 0.012751 
33 	 41.250000 	 1214.246678 	 1229.512334 	 15.265656 	 0.012572 
34 	 42.500000 	 1203.587280 	 1218.509233 	 14.921953 	 0.012398 
35 	 43.750000 	 1193.293247 	 1207.885542 	 14.592295 	 0.012229 
36 	 45.000000 	 1183.343227 	 1197.619112 	 14.275885 	 0.012064 
37 	 46.250000 	 1173.717609 	 1187.689589 	 13.971980 	 0.011904 
38 	 47.500000 	 1164.398339 	 1178.078228 	 13.679889 	 0.011748 
39 	 48.750000 	 1155.368767 	 1168.767733 	 13.398967 	 0.011597 
40 	 50.000000 	 1146.613505 	 1159.742116 	 13.128611 	 0.011450 
----------------------------------------------------------------------
Resolução para passo de tempo: 0.312500 
----------------------------------------------------------------------
Passo 	 Tempo 	 Solução Analítica 	 Euler Implícito 	 Er. Abs. 	 Er. Rel. 
1 	 0.312500 	 2453.001043 	 2454.626240 	 1.625197 	 0.000663 
2 	 0.625000 	 2409.348509 	 2412.302232 	 2.953723 	 0.001226 
3 	 0.937500 	 2368.646520 	 2372.690755 	 4.044235 	 0.001707 
4 	 1.250000 	 2330.562881 	 2335.505033 	 4.942152 	 0.002121 
5 	 1.562500 	 2294.816374 	 2300.499400 	 5.683026 	 0.002476 
6 	 1.875000 	 2261.167033 	 2267.461997 	 6.294964 	 0.002784 
7 	 2.187500 	 2229.408612 	 2236.208996 	 6.800385 	 0.003050 
8 	 2.500000 	 2199.362670 	 2206.579986 	 7.217316 	 0.003282 
9 	 2.812500 	 2170.873890 	 2178.434256 	 7.560366 	 0.003483 
10 	 3.125000 	 2143.806327 	 2151.647781 	 7.841454 	 0.003658 
11 	 3.437500 	 2118.040380 	 2126.110744 	 8.070363 	 0.003810 
12 	 3.750000 	 2093.470328 	 2101.725503 	 8.255175 	 0.003943 
13 	 4.062500 	 2070.002304 	 2078.404903 	 8.402599 	 0.004059 
14 	 4.375000 	 2047.552625 	 2056.070858 	 8.518234 	 0.004160 
15 	 4.687500 	 2026.046400 	 2034.653171 	 8.606771 	 0.004248 
16 	 5.000000 	 2005.416366 	 2014.088530 	 8.672164 	 0.004324 
17 	 5.312500 	 1985.601908 	 1994.319660 	 8.717752 	 0.004390 
18 	 5.625000 	 1966.548230 	 1975.294599 	 8.746369 	 0.004448 
19 	 5.937500 	 1948.205647 	 1956.966074 	 8.760427 	 0.004497 
20 	 6.250000 	 1930.528984 	 1939.290971 	 8.761986 	 0.004539 
21 	 6.562500 	 1913.477059 	 1922.229871 	 8.752812 	 0.004574 
22 	 6.875000 	 1897.012231 	 1905.746651 	 8.734421 	 0.004604 
23 	 7.187500 	 1881.100020 	 1889.808137 	 8.708117 	 0.004629 
24 	 7.500000 	 1865.708768 	 1874.383795 	 8.675027 	 0.004650 
25 	 7.812500 	 1850.809344 	 1859.445471 	 8.636127 	 0.004666 
26 	 8.125000 	 1836.374892 	 1844.967153 	 8.592260 	 0.004679 
27 	 8.437500 	 1822.380602 	 1830.924763 	 8.544161 	 0.004688 
28 	 8.750000 	 1808.803512 	 1817.295979 	 8.492467 	 0.004695 
29 	 9.062500 	 1795.622335 	 1804.060069 	 8.437734 	 0.004699 
30 	 9.375000 	 1782.817302 	 1791.197749 	 8.380447 	 0.004701 
31 	 9.687500 	 1770.370026 	 1778.691054 	 8.321028 	 0.004700 
32 	 10.000000 	 1758.263375 	 1766.523222 	 8.259848 	 0.004698 
33 	 10.312500 	 1746.481368 	 1754.678597 	 8.197229 	 0.004694 
34 	 10.625000 	 1735.009072 	 1743.142528 	 8.133456 	 0.004688 
35 	 10.937500 	 1723.832519 	 1731.901295 	 8.068777 	 0.004681 
36 	 11.250000 	 1712.938620 	 1720.942028 	 8.003407 	 0.004672 
37 	 11.562500 	 1702.315103 	 1710.252642 	 7.937539 	 0.004663 
38 	 11.875000 	 1691.950439 	 1699.821777 	 7.871338 	 0.004652 
39 	 12.187500 	 1681.833790 	 1689.638742 	 7.804951 	 0.004641 
40 	 12.500000 	 1671.954957 	 1679.693463 	 7.738506 	 0.004628 
41 	 12.812500 	 1662.304326 	 1669.976440 	 7.672114 	 0.004615 
42 	 13.125000 	 1652.872832 	 1660.478705 	 7.605873 	 0.004602 
43 	 13.437500 	 1643.651915 	 1651.191783 	 7.539868 	 0.004587 
44 	 13.750000 	 1634.633483 	 1642.107657 	 7.474174 	 0.004572 
45 	 14.062500 	 1625.809883 	 1633.218739 	 7.408856 	 0.004557 
46 	 14.375000 	 1617.173869 	 1624.517836 	 7.343968 	 0.004541 
47 	 14.687500 	 1608.718571 	 1615.998130 	 7.279559 	 0.004525 
48 	 15.000000 	 1600.437477 	 1607.653149 	 7.215671 	 0.004509 
49 	 15.312500 	 1592.324402 	 1599.476742 	 7.152340 	 0.004492 
50 	 15.625000 	 1584.373471 	 1591.463067 	 7.089596 	 0.004475 
51 	 15.937500 	 1576.579099 	 1583.606563 	 7.027464 	 0.004457 
52 	 16.250000 	 1568.935970 	 1575.901936 	 6.965966 	 0.004440 
53 	 16.562500 	 1561.439023 	 1568.344143 	 6.905120 	 0.004422 
54 	 16.875000 	 1554.083437 	 1560.928376 	 6.844940 	 0.004404 
55 	 17.187500 	 1546.864612 	 1553.650049 	 6.785437 	 0.004387 
56 	 17.500000 	 1539.778162 	 1546.504783 	 6.726621 	 0.004369 
57 	 17.812500 	 1532.819897 	 1539.488396 	 6.668498 	 0.004350 
58 	 18.125000 	 1525.985815 	 1532.596889 	 6.611074 	 0.004332 
59 	 18.437500 	 1519.272090 	 1525.826440 	 6.554350 	 0.004314 
60 	 18.750000 	 1512.675062 	 1519.173391 	 6.498329 	 0.004296 
61 	 19.062500 	 1506.191227 	 1512.634237 	 6.443010 	 0.004278 
62 	 19.375000 	 1499.817232 	 1506.205623 	 6.388391 	 0.004259 
63 	 19.687500 	 1493.549861 	 1499.884333 	 6.334471 	 0.004241 
64 	 20.000000 	 1487.386034 	 1493.667280 	 6.281246 	 0.004223 
65 	 20.312500 	 1481.322793 	 1487.551506 	 6.228713 	 0.004205 
66 	 20.625000 	 1475.357303 	 1481.534168 	 6.176865 	 0.004187 
67 	 20.937500 	 1469.486839 	 1475.612536 	 6.125697 	 0.004169 
68 	 21.250000 	 1463.708784 	 1469.783988 	 6.075204 	 0.004151 
69 	 21.562500 	 1458.020623 	 1464.046002 	 6.025378 	 0.004133 
70 	 21.875000 	 1452.419938 	 1458.396152 	 5.976214 	 0.004115 
71 	 22.187500 	 1446.904403 	 1452.832105 	 5.927703 	 0.004097 
72 	 22.500000 	 1441.471777 	 1447.351614 	 5.879837 	 0.004079 
73 	 22.812500 	 1436.119906 	 1441.952516 	 5.832610 	 0.004061 
74 	 23.125000 	 1430.846713 	 1436.632725 	 5.786012 	 0.004044 
75 	 23.437500 	 1425.650195 	 1431.390231 	 5.740036 	 0.004026 
76 	 23.750000 	 1420.528425 	 1426.223098 	 5.694673 	 0.004009 
77 	 24.062500 	 1415.479541 	 1421.129455 	 5.649915 	 0.003992 
78 	 24.375000 	 1410.501747 	 1416.107500 	 5.605752 	 0.003974 
79 	 24.687500 	 1405.593312 	 1411.155490 	 5.562178 	 0.003957 
80 	 25.000000 	 1400.752562 	 1406.271745 	 5.519183 	 0.003940 
81 	 25.312500 	 1395.977881 	 1401.454639 	 5.476757 	 0.003923 
82 	 25.625000 	 1391.267708 	 1396.702602 	 5.434894 	 0.003906 
83 	 25.937500 	 1386.620534 	 1392.014118 	 5.393583 	 0.003890 
84 	 26.250000 	 1382.034899 	 1387.387717 	 5.352818 	 0.003873 
85 	 26.562500 	 1377.509392 	 1382.821979 	 5.312588 	 0.003857 
86 	 26.875000 	 1373.042646 	 1378.315532 	 5.272886 	 0.003840 
87 	 27.187500 	 1368.633341 	 1373.867044 	 5.233703 	 0.003824 
88 	 27.500000 	 1364.280197 	 1369.475228 	 5.195031 	 0.003808 
89 	 27.812500 	 1359.981974 	 1365.138836 	 5.156862 	 0.003792 
90 	 28.125000 	 1355.737472 	 1360.856659 	 5.119187 	 0.003776 
91 	 28.437500 	 1351.545527 	 1356.627526 	 5.081999 	 0.003760 
92 	 28.750000 	 1347.405011 	 1352.450300 	 5.045289 	 0.003744 
93 	 29.062500 	 1343.314830 	 1348.323881 	 5.009051 	 0.003729 
94 	 29.375000 	 1339.273925 	 1344.247200 	 4.973275 	 0.003713 
95 	 29.687500 	 1335.281266 	 1340.219221 	 4.937955 	 0.003698 
96 	 30.000000 	 1331.335854 	 1336.238937 	 4.903083 	 0.003683 
97 	 30.312500 	 1327.436720 	 1332.305372 	 4.868652 	 0.003668 
98 	 30.625000 	 1323.582923 	 1328.417577 	 4.834654 	 0.003653 
99 	 30.937500 	 1319.773549 	 1324.574631 	 4.801082 	 0.003638 
100 	 31.250000 	 1316.007709 	 1320.775639 	 4.767929 	 0.003623 
101 	 31.562500 	 1312.284542 	 1317.019731 	 4.735189 	 0.003608 
102 	 31.875000 	 1308.603208 	 1313.306062 	 4.702854 	 0.003594 
103 	 32.187500 	 1304.962893 	 1309.633810 	 4.670918 	 0.003579 
104 	 32.500000 	 1301.362802 	 1306.002176 	 4.639374 	 0.003565 
105 	 32.812500 	 1297.802167 	 1302.410382 	 4.608215 	 0.003551 
106 	 33.125000 	 1294.280236 	 1298.857672 	 4.577436 	 0.003537 
107 	 33.437500 	 1290.796279 	 1295.343309 	 4.547031 	 0.003523 
108 	 33.750000 	 1287.349586 	 1291.866578 	 4.516992 	 0.003509 
109 	 34.062500 	 1283.939466 	 1288.426780 	 4.487314 	 0.003495 
110 	 34.375000 	 1280.565245 	 1285.023236 	 4.457991 	 0.003481 
111 	 34.687500 	 1277.226268 	 1281.655285 	 4.429018 	 0.003468 
112 	 35.000000 	 1273.921895 	 1278.322282 	 4.400388 	 0.003454 
113 	 35.312500 	 1270.651504 	 1275.023600 	 4.372096 	 0.003441 
114 	 35.625000 	 1267.414489 	 1271.758625 	 4.344136 	 0.003428 
115 	 35.937500 	 1264.210259 	 1268.526763 	 4.316504 	 0.003414 
116 	 36.250000 	 1261.038237 	 1265.327430 	 4.289194 	 0.003401 
117 	 36.562500 	 1257.897861 	 1262.160060 	 4.262200 	 0.003388 
118 	 36.875000 	 1254.788583 	 1259.024101 	 4.235518 	 0.003375 
119 	 37.187500 	 1251.709869 	 1255.919011 	 4.209142 	 0.003363 
120 	 37.500000 	 1248.661197 	 1252.844265 	 4.183068 	 0.003350 
121 	 37.812500 	 1245.642058 	 1249.799349 	 4.157291 	 0.003337 
122 	 38.125000 	 1242.651955 	 1246.783761 	 4.131806 	 0.003325 
123 	 38.437500 	 1239.690404 	 1243.797013 	 4.106609 	 0.003313 
124 	 38.750000 	 1236.756931 	 1240.838626 	 4.081695 	 0.003300 
125 	 39.062500 	 1233.851074 	 1237.908133 	 4.057059 	 0.003288 
126 	 39.375000 	 1230.972381 	 1235.005079 	 4.032698 	 0.003276 
127 	 39.687500 	 1228.120412 	 1232.129018 	 4.008606 	 0.003264 
128 	 40.000000 	 1225.294736 	 1229.279516 	 3.984780 	 0.003252 
129 	 40.312500 	 1222.494931 	 1226.456146 	 3.961216 	 0.003240 
130 	 40.625000 	 1219.720586 	 1223.658495 	 3.937909 	 0.003229 
131 	 40.937500 	 1216.971299 	 1220.886155 	 3.914856 	 0.003217 
132 	 41.250000 	 1214.246678 	 1218.138730 	 3.892052 	 0.003205 
133 	 41.562500 	 1211.546337 	 1215.415832 	 3.869495 	 0.003194 
134 	 41.875000 	 1208.869901 	 1212.717080 	 3.847179 	 0.003182 
135 	 42.187500 	 1206.217002 	 1210.042104 	 3.825102 	 0.003171 
136 	 42.500000 	 1203.587280 	 1207.390540 	 3.803260 	 0.003160 
137 	 42.812500 	 1200.980384 	 1204.762033 	 3.781649 	 0.003149 
138 	 43.125000 	 1198.395970 	 1202.156236 	 3.760265 	 0.003138 
139 	 43.437500 	 1195.833701 	 1199.572808 	 3.739106 	 0.003127 
140 	 43.750000 	 1193.293247 	 1197.011415 	 3.718169 	 0.003116 
141 	 44.062500 	 1190.774285 	 1194.471733 	 3.697448 	 0.003105 
142 	 44.375000 	 1188.276500 	 1191.953442 	 3.676943 	 0.003094 
143 	 44.687500 	 1185.799581 	 1189.456230 	 3.656648 	 0.003084 
144 	 45.000000 	 1183.343227 	 1186.979789 	 3.636562 	 0.003073 
145 	 45.312500 	 1180.907140 	 1184.523822 	 3.616681 	 0.003063 
146 	 45.625000 	 1178.491031 	 1182.088033 	 3.597003 	 0.003052 
147 	 45.937500 	 1176.094613 	 1179.672136 	 3.577523 	 0.003042 
148 	 46.250000 	 1173.717609 	 1177.275849 	 3.558240 	 0.003032 
149 	 46.562500 	 1171.359744 	 1174.898895 	 3.539151 	 0.003021 
150 	 46.875000 	 1169.020752 	 1172.541004 	 3.520252 	 0.003011 
151 	 47.187500 	 1166.700369 	 1170.201910 	 3.501541 	 0.003001 
152 	 47.500000 	 1164.398339 	 1167.881354 	 3.483015 	 0.002991 
153 	 47.812500 	 1162.114408 	 1165.579081 	 3.464673 	 0.002981 
154 	 48.125000 	 1159.848331 	 1163.294840 	 3.446510 	 0.002972 
155 	 48.437500 	 1157.599863 	 1161.028387 	 3.428525 	 0.002962 
156 	 48.750000 	 1155.368767 	 1158.779481 	 3.410715 	 0.002952 
157 	 49.062500 	 1153.154810 	 1156.547887 	 3.393077 	 0.002942 
158 	 49.375000 	 1150.957763 	 1154.333373 	 3.375610 	 0.002933 
159 	 49.687500 	 1148.777401 	 1152.135712 	 3.358310 	 0.002923 
160 	 50.000000 	 1146.613505 	 1149.954681 	 3.341177 	 0.002914 
----------------------------------------------------------------------
